0.000000000000000000e+00 3.010000000000000000e+02 9.230000000000000000e+02 9.530000000000000000e+02 9.380000000000000000e+02 1.015000000000000000e+03 9.680000000000000000e+02 1.033000000000000000e+03 1.019000000000000000e+03 9.400000000000000000e+02 9.110000000000000000e+02 3.300000000000000000e+01 9.590000000000000000e+02 9.330000000000000000e+02 1.260000000000000000e+02 9.540000000000000000e+02 9.450000000000000000e+02 1.073000000000000000e+03 9.640000000000000000e+02 9.270000000000000000e+02 9.630000000000000000e+02
3.010000000000000000e+02 0.000000000000000000e+00 9.260000000000000000e+02 9.450000000000000000e+02 9.460000000000000000e+02 1.014000000000000000e+03 9.640000000000000000e+02 1.034000000000000000e+03 1.017000000000000000e+03 9.300000000000000000e+02 9.040000000000000000e+02 2.940000000000000000e+02 9.480000000000000000e+02 9.110000000000000000e+02 3.040000000000000000e+02 9.480000000000000000e+02 9.440000000000000000e+02 1.075000000000000000e+03 9.430000000000000000e+02 9.280000000000000000e+02 9.520000000000000000e+02
9.230000000000000000e+02 9.260000000000000000e+02 0.000000000000000000e+00 9.520000000000000000e+02 1.003000000000000000e+03 1.049000000000000000e+03 9.580000000000000000e+02 1.048000000000000000e+03 1.049000000000000000e+03 1.000000000000000000e+03 4.870000000000000000e+02 9.310000000000000000e+02 9.600000000000000000e+02 5.890000000000000000e+02 9.320000000000000000e+02 9.560000000000000000e+02 1.010000000000000000e+03 1.071000000000000000e+03 9.640000000000000000e+02 9.390000000000000000e+02 9.630000000000000000e+02
9.530000000000000000e+02 9.450000000000000000e+02 9.520000000000000000e+02 0.000000000000000000e+00 9.930000000000000000e+02 1.037000000000000000e+03 5.020000000000000000e+02 1.057000000000000000e+03 1.057000000000000000e+03 9.930000000000000000e+02 9.680000000000000000e+02 9.560000000000000000e+02 1.120000000000000000e+02 9.460000000000000000e+02 9.520000000000000000e+02 1.240000000000000000e+02 9.930000000000000000e+02 1.072000000000000000e+03 1.120000000000000000e+02 4.980000000000000000e+02 2.810000000000000000e+02
9.380000000000000000e+02 9.460000000000000000e+02 1.003000000000000000e+03 9.930000000000000000e+02 0.000000000000000000e+00 5.870000000000000000e+02 9.910000000000000000e+02 8.050000000000000000e+02 7.800000000000000000e+02 8.640000000000000000e+02 9.860000000000000000e+02 9.350000000000000000e+02 1.003000000000000000e+03 9.750000000000000000e+02 9.400000000000000000e+02 1.000000000000000000e+03 8.460000000000000000e+02 8.610000000000000000e+02 9.970000000000000000e+02 9.750000000000000000e+02 9.970000000000000000e+02
1.015000000000000000e+03 1.014000000000000000e+03 1.049000000000000000e+03 1.037000000000000000e+03 5.870000000000000000e+02 0.000000000000000000e+00 1.046000000000000000e+03 7.730000000000000000e+02 7.530000000000000000e+02 9.820000000000000000e+02 1.043000000000000000e+03 1.019000000000000000e+03 1.044000000000000000e+03 1.032000000000000000e+03 1.017000000000000000e+03 1.048000000000000000e+03 9.680000000000000000e+02 8.330000000000000000e+02 1.040000000000000000e+03 1.049000000000000000e+03 1.036000000000000000e+03
9.680000000000000000e+02 9.640000000000000000e+02 9.580000000000000000e+02 5.020000000000000000e+02 9.910000000000000000e+02 1.046000000000000000e+03 0.000000000000000000e+00 1.045000000000000000e+03 1.064000000000000000e+03 1.005000000000000000e+03 9.910000000000000000e+02 9.710000000000000000e+02 4.870000000000000000e+02 9.540000000000000000e+02 9.760000000000000000e+02 4.920000000000000000e+02 9.860000000000000000e+02 1.076000000000000000e+03 4.860000000000000000e+02 5.240000000000000000e+02 4.870000000000000000e+02
1.033000000000000000e+03 1.034000000000000000e+03 1.048000000000000000e+03 1.057000000000000000e+03 8.050000000000000000e+02 7.730000000000000000e+02 1.045000000000000000e+03 0.000000000000000000e+00 7.320000000000000000e+02 1.009000000000000000e+03 1.058000000000000000e+03 1.028000000000000000e+03 1.053000000000000000e+03 1.047000000000000000e+03 1.030000000000000000e+03 1.059000000000000000e+03 1.004000000000000000e+03 8.730000000000000000e+02 1.055000000000000000e+03 1.051000000000000000e+03 1.064000000000000000e+03
1.019000000000000000e+03 1.017000000000000000e+03 1.049000000000000000e+03 1.057000000000000000e+03 7.800000000000000000e+02 7.530000000000000000e+02 1.064000000000000000e+03 7.320000000000000000e+02 0.000000000000000000e+00 1.011000000000000000e+03 1.049000000000000000e+03 1.014000000000000000e+03 1.058000000000000000e+03 1.046000000000000000e+03 1.011000000000000000e+03 1.061000000000000000e+03 9.820000000000000000e+02 8.230000000000000000e+02 1.054000000000000000e+03 1.065000000000000000e+03 1.062000000000000000e+03
9.400000000000000000e+02 9.300000000000000000e+02 1.000000000000000000e+03 9.930000000000000000e+02 8.640000000000000000e+02 9.820000000000000000e+02 1.005000000000000000e+03 1.009000000000000000e+03 1.011000000000000000e+03 0.000000000000000000e+00 9.890000000000000000e+02 9.450000000000000000e+02 1.003000000000000000e+03 9.740000000000000000e+02 9.280000000000000000e+02 9.950000000000000000e+02 8.890000000000000000e+02 1.065000000000000000e+03 9.980000000000000000e+02 9.690000000000000000e+02 1.006000000000000000e+03
9.110000000000000000e+02 9.040000000000000000e+02 4.870000000000000000e+02 9.680000000000000000e+02 9.860000000000000000e+02 1.043000000000000000e+03 9.910000000000000000e+02 1.058000000000000000e+03 1.049000000000000000e+03 9.890000000000000000e+02 0.000000000000000000e+00 9.190000000000000000e+02 9.690000000000000000e+02 5.840000000000000000e+02 9.110000000000000000e+02 9.700000000000000000e+02 9.880000000000000000e+02 1.075000000000000000e+03 9.650000000000000000e+02 9.400000000000000000e+02 9.760000000000000000e+02
3.300000000000000000e+01 2.940000000000000000e+02 9.310000000000000000e+02 9.560000000000000000e+02 9.350000000000000000e+02 1.019000000000000000e+03 9.710000000000000000e+02 1.028000000000000000e+03 1.014000000000000000e+03 9.450000000000000000e+02 9.190000000000000000e+02 0.000000000000000000e+00 9.590000000000000000e+02 9.290000000000000000e+02 1.350000000000000000e+02 9.590000000000000000e+02 9.470000000000000000e+02 1.066000000000000000e+03 9.610000000000000000e+02 9.270000000000000000e+02 9.630000000000000000e+02
9.590000000000000000e+02 9.480000000000000000e+02 9.600000000000000000e+02 1.120000000000000000e+02 1.003000000000000000e+03 1.044000000000000000e+03 4.870000000000000000e+02 1.053000000000000000e+03 1.058000000000000000e+03 1.003000000000000000e+03 9.690000000000000000e+02 9.590000000000000000e+02 0.000000000000000000e+00 9.440000000000000000e+02 9.540000000000000000e+02 8.100000000000000000e+01 9.980000000000000000e+02 1.082000000000000000e+03 1.500000000000000000e+01 4.960000000000000000e+02 2.520000000000000000e+02
9.330000000000000000e+02 9.110000000000000000e+02 5.890000000000000000e+02 9.460000000000000000e+02 9.750000000000000000e+02 1.032000000000000000e+03 9.540000000000000000e+02 1.047000000000000000e+03 1.046000000000000000e+03 9.740000000000000000e+02 5.840000000000000000e+02 9.290000000000000000e+02 9.440000000000000000e+02 0.000000000000000000e+00 9.310000000000000000e+02 9.570000000000000000e+02 9.830000000000000000e+02 1.071000000000000000e+03 9.390000000000000000e+02 9.310000000000000000e+02 9.650000000000000000e+02
1.260000000000000000e+02 3.040000000000000000e+02 9.320000000000000000e+02 9.520000000000000000e+02 9.400000000000000000e+02 1.017000000000000000e+03 9.760000000000000000e+02 1.030000000000000000e+03 1.011000000000000000e+03 9.280000000000000000e+02 9.110000000000000000e+02 1.350000000000000000e+02 9.540000000000000000e+02 9.310000000000000000e+02 0.000000000000000000e+00 9.580000000000000000e+02 9.440000000000000000e+02 1.070000000000000000e+03 9.620000000000000000e+02 9.160000000000000000e+02 9.570000000000000000e+02
9.540000000000000000e+02 9.480000000000000000e+02 9.560000000000000000e+02 1.240000000000000000e+02 1.000000000000000000e+03 1.048000000000000000e+03 4.920000000000000000e+02 1.059000000000000000e+03 1.061000000000000000e+03 9.950000000000000000e+02 9.700000000000000000e+02 9.590000000000000000e+02 8.100000000000000000e+01 9.570000000000000000e+02 9.580000000000000000e+02 0.000000000000000000e+00 1.003000000000000000e+03 1.087000000000000000e+03 8.200000000000000000e+01 4.920000000000000000e+02 2.550000000000000000e+02
9.450000000000000000e+02 9.440000000000000000e+02 1.010000000000000000e+03 9.930000000000000000e+02 8.460000000000000000e+02 9.680000000000000000e+02 9.860000000000000000e+02 1.004000000000000000e+03 9.820000000000000000e+02 8.890000000000000000e+02 9.880000000000000000e+02 9.470000000000000000e+02 9.980000000000000000e+02 9.830000000000000000e+02 9.440000000000000000e+02 1.003000000000000000e+03 0.000000000000000000e+00 1.017000000000000000e+03 9.950000000000000000e+02 9.660000000000000000e+02 9.890000000000000000e+02
1.073000000000000000e+03 1.075000000000000000e+03 1.071000000000000000e+03 1.072000000000000000e+03 8.610000000000000000e+02 8.330000000000000000e+02 1.076000000000000000e+03 8.730000000000000000e+02 8.230000000000000000e+02 1.065000000000000000e+03 1.075000000000000000e+03 1.066000000000000000e+03 1.082000000000000000e+03 1.071000000000000000e+03 1.070000000000000000e+03 1.087000000000000000e+03 1.017000000000000000e+03 0.000000000000000000e+00 1.078000000000000000e+03 1.087000000000000000e+03 1.087000000000000000e+03
9.640000000000000000e+02 9.430000000000000000e+02 9.640000000000000000e+02 1.120000000000000000e+02 9.970000000000000000e+02 1.040000000000000000e+03 4.860000000000000000e+02 1.055000000000000000e+03 1.054000000000000000e+03 9.980000000000000000e+02 9.650000000000000000e+02 9.610000000000000000e+02 1.500000000000000000e+01 9.390000000000000000e+02 9.620000000000000000e+02 8.200000000000000000e+01 9.950000000000000000e+02 1.078000000000000000e+03 0.000000000000000000e+00 4.880000000000000000e+02 2.500000000000000000e+02
9.270000000000000000e+02 9.280000000000000000e+02 9.390000000000000000e+02 4.980000000000000000e+02 9.750000000000000000e+02 1.049000000000000000e+03 5.240000000000000000e+02 1.051000000000000000e+03 1.065000000000000000e+03 9.690000000000000000e+02 9.400000000000000000e+02 9.270000000000000000e+02 4.960000000000000000e+02 9.310000000000000000e+02 9.160000000000000000e+02 4.920000000000000000e+02 9.660000000000000000e+02 1.087000000000000000e+03 4.880000000000000000e+02 0.000000000000000000e+00 4.980000000000000000e+02
9.630000000000000000e+02 9.520000000000000000e+02 9.630000000000000000e+02 2.810000000000000000e+02 9.970000000000000000e+02 1.036000000000000000e+03 4.870000000000000000e+02 1.064000000000000000e+03 1.062000000000000000e+03 1.006000000000000000e+03 9.760000000000000000e+02 9.630000000000000000e+02 2.520000000000000000e+02 9.650000000000000000e+02 9.570000000000000000e+02 2.550000000000000000e+02 9.890000000000000000e+02 1.087000000000000000e+03 2.500000000000000000e+02 4.980000000000000000e+02 0.000000000000000000e+00
